{
  "stereo_pairs": {
    "0_1": {
      "camera1_id": 0,
      "camera2_id": 1,
      "rotation_matrix": [
        [
          0.9991922737808053,
          0.03083359262134491,
          -0.025769935638360674
        ],
        [
          -0.030933581725957022,
          0.999515347949456,
          -0.003490377498426469
        ],
        [
          0.02564982530832997,
          0.004284714639147953,
          0.9996618066536869
        ]
      ],
      "translation_vector": [
        [
          -0.24652458514197406
        ],
        [
          0.0031757654318566456
        ],
        [
          -0.03638380542393268
        ]
      ],
      "essential_matrix": [
        [
          -0.001044023590035184,
          0.03637977918666375,
          0.0030476981933593187
        ],
        [
          -0.030031104727237537,
          -6.55559355881275e-05,
          0.24737882049162982
        ],
        [
          0.004452688119095582,
          -0.2465030267538623,
          0.000942303135569943
        ]
      ],
      "fundamental_matrix": [
        [
          -5.998012312770354e-08,
          2.05234168845482e-06,
          -0.0007730304644187311
        ],
        [
          -1.7680880207527599e-06,
          -3.789982111180654e-09,
          0.008563076868531241
        ],
        [
          0.0006573527145997093,
          -0.00807252324380401,
          1.0
        ]
      ],
      "stereo_error": 0.13502413125905152,
      "baseline_distance": 249.21524404142534,
      "convergence_angle": 1.4901582793825747,
      "last_updated": "2025-08-08T21:32:24.161038"
    },
    "0_2": {
      "camera1_id": 0,
      "camera2_id": 2,
      "rotation_matrix": [
        [
          0.9996732837161953,
          0.02308780069287431,
          0.010967191219505923
        ],
        [
          -0.023189531398277594,
          0.9996883751887572,
          0.009241111729166671
        ],
        [
          -0.010750416624828672,
          -0.009492416532619969,
          0.9998971559969374
        ]
      ],
      "translation_vector": [
        [
          -0.159944769060337
        ],
        [
          0.034992619181246916
        ],
        [
          0.057350117888619274
        ]
      ],
      "essential_matrix": [
        [
          0.0009537371244806827,
          -0.05766441068579323,
          0.03445904155312306
        ],
        [
          0.055611907766866316,
          -0.00019417427860913845,
          0.16055728940936362
        ],
        [
          -0.03127214227863248,
          -0.1607028289192476,
          -0.0018618382272144207
        ]
      ],
      "fundamental_matrix": [
        [
          1.7134600740190816e-07,
          -1.0172922273691767e-05,
          0.007586057095656831
        ],
        [
          1.0137145371924721e-05,
          -3.4756188833957026e-08,
          0.009821722458439123
        ],
        [
          -0.007569732527951198,
          -0.011399618675924646,
          1.0
        ]
      ],
      "stereo_error": 0.11976562910519142,
      "baseline_distance": 173.48155109050307,
      "convergence_angle": 0.8217332090805907,
      "last_updated": "2025-08-08T21:32:24.164584"
    },
    "0_3": {
      "camera1_id": 0,
      "camera2_id": 3,
      "rotation_matrix": [
        [
          0.9865017937846392,
          0.0005597742826224687,
          0.1637494962204212
        ],
        [
          -0.013953796066828287,
          0.9966442364723269,
          0.0806570361581543
        ],
        [
          -0.16315484189877602,
          -0.08185323792767733,
          0.9831991380212559
        ]
      ],
      "translation_vector": [
        [
          -0.24158817619816506
        ],
        [
          0.06111679470220084
        ],
        [
          0.703957849900745
        ]
      ],
      "essential_matrix": [
        [
          -0.00014861669983961927,
          -0.7065981413611652,
          0.0033108261165649897
        ],
        [
          0.6550394009836374,
          -0.01938071696643739,
          0.35280202987582104
        ],
        [
          -0.05692075546126249,
          -0.24081167501767278,
          -0.029493630606090247
        ]
      ],
      "fundamental_matrix": [
        [
          -1.6336790876724494e-09,
          -7.627183487392761e-06,
          0.0033529926921092128
        ],
        [
          7.207290031166458e-06,
          -2.0939532505844873e-07,
          -0.00177574385684765
        ],
        [
          -0.004059663416571884,
          0.00011846174600379471,
          1.0
        ]
      ],
      "stereo_error": 0.11185283225189595,
      "baseline_distance": 746.7641956536926,
      "convergence_angle": 10.517519776876025,
      "last_updated": "2025-08-08T21:32:24.168176"
    },
    "1_2": {
      "camera1_id": 1,
      "camera2_id": 2,
      "rotation_matrix": [
        [
          0.9992950806762433,
          -0.007885313934846896,
          0.03670372679183199
        ],
        [
          0.007415187193832,
          0.9998889444752682,
          0.012927247000595752
        ],
        [
          -0.03680158604110651,
          -0.012645969329509357,
          0.9992425745156058
        ]
      ],
      "translation_vector": [
        [
          0.08776655966899626
        ],
        [
          0.03411537544432849
        ],
        [
          0.08467413110722227
        ]
      ],
      "essential_matrix": [
        [
          -0.0018833744573742335,
          -0.08509614956869463,
          0.032994932182173385
        ],
        [
          0.08784439127317295,
          0.00044221111578984687,
          -0.08459222686553011
        ],
        [
          -0.033440521387636334,
          0.08802582315304201,
          -0.00011758142447576667
        ]
      ],
      "fundamental_matrix": [
        [
          -1.2996536489790284e-07,
          -6.017781237924729e-06,
          0.002839579766313111
        ],
        [
          6.150459619827322e-06,
          3.1729170692588514e-08,
          -0.007458408859038838
        ],
        [
          -0.0037370128999602934,
          0.00790426675254461,
          0.9999999999999999
        ]
      ],
      "stereo_error": 0.12704662289385302,
      "baseline_distance": 126.63544652506279,
      "convergence_angle": 2.2301547662053824,
      "last_updated": "2025-08-08T21:32:24.171420"
    },
    "1_3": {
      "camera1_id": 1,
      "camera2_id": 3,
      "rotation_matrix": [
        [
          0.981006278564238,
          -0.03187163463725765,
          0.19133969876398788
        ],
        [
          0.014741417097879968,
          0.9958061795765364,
          0.09029254309813875
        ],
        [
          -0.19341502537158484,
          -0.0857569333799435,
          0.9773619474574284
        ]
      ],
      "translation_vector": [
        [
          0.0068098157078087425
        ],
        [
          0.06321015872359427
        ],
        [
          0.6929370033188006
        ]
      ],
      "essential_matrix": [
        [
          -0.022440667841743367,
          -0.6954516593327035,
          -0.000787840407272658
        ],
        [
          0.6810926715831334,
          -0.02150104608442876,
          0.12593070273542964
        ],
        [
          -0.061909176243179515,
          0.008795867647814773,
          -0.011479737150708685
        ]
      ],
      "fundamental_matrix": [
        [
          -1.9123613731060688e-07,
          -6.073466847681548e-06,
          0.0018320685861451906
        ],
        [
          5.809594647690398e-06,
          -1.8794671794490288e-07,
          -0.0038609575493340664
        ],
        [
          -0.0031941039474776066,
          0.0041068563617767916,
          1.0
        ]
      ],
      "stereo_error": 0.08585892542538563,
      "baseline_distance": 695.847388673893,
      "convergence_angle": 12.214617797291874,
      "last_updated": "2025-08-08T21:32:24.174807"
    },
    "2_3": {
      "camera1_id": 2,
      "camera2_id": 3,
      "rotation_matrix": [
        [
          0.9875182789185076,
          -0.021546175646052938,
          0.15602375177151098
        ],
        [
          0.009733556593785279,
          0.9970540360589917,
          0.07608223875853397
        ],
        [
          -0.15720339270468756,
          -0.07361393545725174,
          0.9848188065977576
        ]
      ],
      "translation_vector": [
        [
          -0.0925466753812167
        ],
        [
          0.022084636258576224
        ],
        [
          0.625708341121592
        ]
      ],
      "essential_matrix": [
        [
          -0.009562147296007661,
          -0.6254907638991954,
          -0.02585592627810258
        ],
        [
          0.6033497727758824,
          -0.020294346809302345,
          0.1887670693000391
        ],
        [
          -0.02270979029100021,
          -0.09179819676077697,
          -0.010486886058234475
        ]
      ],
      "fundamental_matrix": [
        [
          -2.3663924936746379e-07,
          -1.5705610779748382e-05,
          0.0057487474414219366
        ],
        [
          1.494534489838749e-05,
          -5.100519891214056e-07,
          -0.0066222068008174925
        ],
        [
          -0.006897144671925614,
          0.005959934712137914,
          1.0
        ]
      ],
      "stereo_error": 0.09263388413577246,
      "baseline_distance": 632.900897796744,
      "convergence_angle": 9.996352175027225,
      "last_updated": "2025-08-08T21:32:24.183205"
    }
  },
  "camera_poses": {
    "0": {
      "camera_id": 0,
      "rotation_matrix": [
        [
          1.0,
          0.0,
          0.0
        ],
        [
          0.0,
          1.0,
          0.0
        ],
        [
          0.0,
          0.0,
          1.0
        ]
      ],
      "translation_vector": [
        [
          0.0
        ],
        [
          0.0
        ],
        [
          0.0
        ]
      ],
      "baseline_distance": 0.0,
      "pose_error": 0.0,
      "reference_camera_id": 0
    },
    "1": {
      "camera_id": 1,
      "rotation_matrix": [
        [
          0.9991922737808053,
          0.03083359262134491,
          -0.025769935638360674
        ],
        [
          -0.030933581725957022,
          0.999515347949456,
          -0.003490377498426469
        ],
        [
          0.02564982530832997,
          0.004284714639147953,
          0.9996618066536869
        ]
      ],
      "translation_vector": [
        [
          -0.24652458514197406
        ],
        [
          0.0031757654318566456
        ],
        [
          -0.03638380542393268
        ]
      ],
      "baseline_distance": 249.21524404142534,
      "pose_error": 0.13502413125905152,
      "reference_camera_id": 0
    },
    "2": {
      "camera_id": 2,
      "rotation_matrix": [
        [
          0.9996732837161953,
          0.02308780069287431,
          0.010967191219505923
        ],
        [
          -0.023189531398277594,
          0.9996883751887572,
          0.009241111729166671
        ],
        [
          -0.010750416624828672,
          -0.009492416532619969,
          0.9998971559969374
        ]
      ],
      "translation_vector": [
        [
          -0.159944769060337
        ],
        [
          0.034992619181246916
        ],
        [
          0.057350117888619274
        ]
      ],
      "baseline_distance": 173.48155109050307,
      "pose_error": 0.11976562910519142,
      "reference_camera_id": 0
    },
    "3": {
      "camera_id": 3,
      "rotation_matrix": [
        [
          0.9865017937846392,
          0.0005597742826224687,
          0.1637494962204212
        ],
        [
          -0.013953796066828287,
          0.9966442364723269,
          0.0806570361581543
        ],
        [
          -0.16315484189877602,
          -0.08185323792767733,
          0.9831991380212559
        ]
      ],
      "translation_vector": [
        [
          -0.24158817619816506
        ],
        [
          0.06111679470220084
        ],
        [
          0.703957849900745
        ]
      ],
      "baseline_distance": 746.7641956536926,
      "pose_error": 0.11185283225189595,
      "reference_camera_id": 0
    }
  },
  "reference_camera_id": 0,
  "calibration_timestamp": "2025-08-08T21:32:24.183328"
}