{
  "stereo_pairs": {
    "0_1": {
      "camera1_id": 0,
      "camera2_id": 1,
      "rotation_matrix": [
        [
          0.9991634262489462,
          0.009014850938959783,
          -0.03988959900794989
        ],
        [
          -0.009555110757101692,
          0.9998649086670909,
          -0.01337401490090377
        ],
        [
          0.039763645518063606,
          0.013743976087668827,
          0.9991145858290806
        ]
      ],
      "translation_vector": [
        [
          -0.09202727220947625
        ],
        [
          -0.044257636951700596
        ],
        [
          -0.044022963215968824
        ]
      ],
      "essential_matrix": [
        [
          -0.0021804892765989715,
          0.043408740191228465,
          -0.044807214378804465
        ],
        [
          -0.040326794930366776,
          0.000867960177377163,
          0.09370184830837765
        ],
        [
          0.04509994295297863,
          -0.0916158641225793,
          -0.0005346452812236998
        ]
      ],
      "fundamental_matrix": [
        [
          -6.430872467067958e-07,
          1.3113993949008312e-05,
          -0.013757511845334362
        ],
        [
          -1.207190002306671e-05,
          2.6614822760863204e-07,
          0.02791056132001292
        ],
        [
          0.012195496674106727,
          -0.025357938368069217,
          0.9999999999999999
        ]
      ],
      "stereo_error": 0.10003486335492431,
      "baseline_distance": 111.20152224308855,
      "convergence_angle": 2.411253738000507,
      "last_updated": "2025-08-08T22:19:44.733119"
    },
    "0_2": {
      "camera1_id": 0,
      "camera2_id": 2,
      "rotation_matrix": [
        [
          0.9990005944614255,
          0.01422024304861475,
          0.0423744846972421
        ],
        [
          -0.013855306437166518,
          0.999864459141485,
          -0.008893471157977416
        ],
        [
          -0.0424952085446194,
          0.00829747150304766,
          0.9990622148882448
        ]
      ],
      "translation_vector": [
        [
          -0.04019148106094855
        ],
        [
          0.005051250702866789
        ],
        [
          0.07132449452970462
        ]
      ],
      "essential_matrix": [
        [
          0.000773568776155585,
          -0.07127291453772112,
          0.005680836050119143
        ],
        [
          0.06954526706543347,
          0.001347739316300493,
          0.043176128790377695
        ],
        [
          -0.004489337168674599,
          -0.04025786348579481,
          0.0001433976320013793
        ]
      ],
      "fundamental_matrix": [
        [
          1.4571876547795547e-07,
          -1.3752540267345945e-05,
          0.006087632851008847
        ],
        [
          1.33454092443755e-05,
          2.6491836740826165e-07,
          -0.004257882787764798
        ],
        [
          -0.006160799391322271,
          0.0020430446385771863,
          1.0
        ]
      ],
      "stereo_error": 0.12703510768014242,
      "baseline_distance": 82.024714589285,
      "convergence_angle": 2.4815512134763718,
      "last_updated": "2025-08-08T22:19:44.736813"
    },
    "0_3": {
      "camera1_id": 0,
      "camera2_id": 3,
      "rotation_matrix": [
        [
          0.957039075700353,
          -0.03179369622193933,
          -0.2882106321133227
        ],
        [
          0.07319618136256387,
          0.9882694067452179,
          0.13403693045349024
        ],
        [
          0.2805682209669382,
          -0.14937449772970673,
          0.9481396167292269
        ]
      ],
      "translation_vector": [
        [
          0.01599079249921093
        ],
        [
          0.02343236631816996
        ],
        [
          0.25341209553281846
        ]
      ],
      "essential_matrix": [
        [
          -0.011974420373152992,
          -0.25393961926367614,
          -0.011749424605037102
        ],
        [
          0.23803876947666303,
          -0.005668290586465904,
          -0.08819756411007378
        ],
        [
          -0.02125522525471009,
          0.016548212553062165,
          0.008896813850583624
        ]
      ],
      "fundamental_matrix": [
        [
          -2.2040156294967636e-07,
          -4.787761287780065e-06,
          0.001916708150697442
        ],
        [
          4.850642503561046e-06,
          -1.183165596469188e-07,
          -0.004744389357211067
        ],
        [
          -0.0022488051627746718,
          0.003434705849759056,
          1.0
        ]
      ],
      "stereo_error": 0.09902215519423692,
      "baseline_distance": 254.99504190935957,
      "convergence_angle": 18.53320312157191,
      "last_updated": "2025-08-08T22:19:44.741040"
    },
    "1_2": {
      "camera1_id": 1,
      "camera2_id": 2,
      "rotation_matrix": [
        [
          0.9966025384607189,
          0.004012797634253955,
          0.08226346569892284
        ],
        [
          -0.004413259784310135,
          0.999979278363607,
          0.0046867879700171
        ],
        [
          -0.08224295393361988,
          -0.005033914833033234,
          0.9965995967437105
        ]
      ],
      "translation_vector": [
        [
          0.05533149106161334
        ],
        [
          0.04897044487821934
        ],
        [
          0.10745955558566085
        ]
      ],
      "essential_matrix": [
        [
          -0.003553227107122228,
          -0.10770384189667576,
          0.048300285465611235
        ],
        [
          0.1116450911489891,
          0.0007097474640210225,
          -0.046303346214289574
        ],
        [
          -0.049048261919492235,
          0.055133836017218794,
          -0.0037691515458297105
        ]
      ],
      "fundamental_matrix": [
        [
          -2.770368204508784e-07,
          -8.523377117665508e-06,
          0.005179545602064721
        ],
        [
          8.867514876174693e-06,
          5.721792761800398e-08,
          -0.008259334313773698
        ],
        [
          -0.006489948106879659,
          0.00869324849926651,
          1.0
        ]
      ],
      "stereo_error": 0.11994169998913165,
      "baseline_distance": 130.4117880459426,
      "convergence_angle": 4.726351133632693,
      "last_updated": "2025-08-08T22:19:44.744564"
    },
    "1_3": {
      "camera1_id": 1,
      "camera2_id": 3,
      "rotation_matrix": [
        [
          0.967911569077384,
          -0.03663405178399713,
          -0.24860639713419283
        ],
        [
          0.07651385061643687,
          0.9853057794420739,
          0.15270282139467137
        ],
        [
          0.23935919683605675,
          -0.1668246601912761,
          0.9564918753664681
        ]
      ],
      "translation_vector": [
        [
          0.09185400286420138
        ],
        [
          0.08003013831515915
        ],
        [
          0.3103675400817112
        ]
      ],
      "essential_matrix": [
        [
          -0.004591465968208006,
          -0.3191579316232168,
          0.02915417804310335
        ],
        [
          0.27842223235942487,
          0.003953492279603683,
          -0.1650169633866133
        ],
        [
          -0.07043399329643249,
          0.09343610811830441,
          0.03392236974244062
        ]
      ],
      "fundamental_matrix": [
        [
          -5.076845741836555e-08,
          -3.581906304222743e-06,
          0.0013902257620894225
        ],
        [
          3.408300758029642e-06,
          4.9122546946325005e-08,
          -0.003540211485265731
        ],
        [
          -0.002200451349633685,
          0.003410556870908828,
          1.0
        ]
      ],
      "stereo_error": 0.09029871049351575,
      "baseline_distance": 333.4216411951882,
      "convergence_angle": 16.963291940274434,
      "last_updated": "2025-08-08T22:19:44.757571"
    },
    "2_3": {
      "camera1_id": 2,
      "camera2_id": 3,
      "rotation_matrix": [
        [
          0.9430502522636548,
          -0.04288029847532152,
          -0.32987497890583384
        ],
        [
          0.09325177887817976,
          0.9859732124446591,
          0.13842301137316065
        ],
        [
          0.31931227261336514,
          -0.16130128438492497,
          0.9338209508327929
        ]
      ],
      "translation_vector": [
        [
          0.07800359390424988
        ],
        [
          0.01255748320598267
        ],
        [
          0.20054142827847882
        ]
      ],
      "essential_matrix": [
        [
          -0.01469108642493256,
          -0.1997540144377391,
          -0.016033107499904192
        ],
        [
          0.16421313968575704,
          0.0039828035821471534,
          -0.13899498965115065
        ],
        [
          -0.0045683638147361256,
          0.07744792269197324,
          0.014939891873839282
        ]
      ],
      "fundamental_matrix": [
        [
          -5.434415375201585e-07,
          -7.527351531290772e-06,
          0.0028957293532376827
        ],
        [
          6.725091896496228e-06,
          1.6616018732726954e-07,
          -0.008754529069131762
        ],
        [
          -0.0025559410681871373,
          0.007927908405357937,
          0.9999999999999999
        ]
      ],
      "stereo_error": 0.11740174613982678,
      "baseline_distance": 215.54376702289474,
      "convergence_angle": 20.96151134841882,
      "last_updated": "2025-08-08T22:19:44.771372"
    }
  },
  "camera_poses": {
    "0": {
      "camera_id": 0,
      "rotation_matrix": [
        [
          1.0,
          0.0,
          0.0
        ],
        [
          0.0,
          1.0,
          0.0
        ],
        [
          0.0,
          0.0,
          1.0
        ]
      ],
      "translation_vector": [
        [
          0.0
        ],
        [
          0.0
        ],
        [
          0.0
        ]
      ],
      "baseline_distance": 0.0,
      "pose_error": 0.0,
      "reference_camera_id": 0
    },
    "1": {
      "camera_id": 1,
      "rotation_matrix": [
        [
          0.9991634262489462,
          0.009014850938959783,
          -0.03988959900794989
        ],
        [
          -0.009555110757101692,
          0.9998649086670909,
          -0.01337401490090377
        ],
        [
          0.039763645518063606,
          0.013743976087668827,
          0.9991145858290806
        ]
      ],
      "translation_vector": [
        [
          -0.09202727220947625
        ],
        [
          -0.044257636951700596
        ],
        [
          -0.044022963215968824
        ]
      ],
      "baseline_distance": 111.20152224308855,
      "pose_error": 0.10003486335492431,
      "reference_camera_id": 0
    },
    "2": {
      "camera_id": 2,
      "rotation_matrix": [
        [
          0.9990005944614255,
          0.01422024304861475,
          0.0423744846972421
        ],
        [
          -0.013855306437166518,
          0.999864459141485,
          -0.008893471157977416
        ],
        [
          -0.0424952085446194,
          0.00829747150304766,
          0.9990622148882448
        ]
      ],
      "translation_vector": [
        [
          -0.04019148106094855
        ],
        [
          0.005051250702866789
        ],
        [
          0.07132449452970462
        ]
      ],
      "baseline_distance": 82.024714589285,
      "pose_error": 0.12703510768014242,
      "reference_camera_id": 0
    },
    "3": {
      "camera_id": 3,
      "rotation_matrix": [
        [
          0.957039075700353,
          -0.03179369622193933,
          -0.2882106321133227
        ],
        [
          0.07319618136256387,
          0.9882694067452179,
          0.13403693045349024
        ],
        [
          0.2805682209669382,
          -0.14937449772970673,
          0.9481396167292269
        ]
      ],
      "translation_vector": [
        [
          0.01599079249921093
        ],
        [
          0.02343236631816996
        ],
        [
          0.25341209553281846
        ]
      ],
      "baseline_distance": 254.99504190935957,
      "pose_error": 0.09902215519423692,
      "reference_camera_id": 0
    }
  },
  "reference_camera_id": 0,
  "calibration_timestamp": "2025-08-08T22:19:44.771521"
}